0.000010 0.999970 0.000010 0.000010
0.044648 0.572895 0.052147 0.330311
0.000010 0.748484 0.251496 0.000010
0.000010 0.999970 0.000010 0.000010
0.000010 0.000010 0.000010 0.999970
0.000010 0.000010 0.999970 0.000010
0.425477 0.538972 0.035541 0.000010
0.000010 0.640914 0.274124 0.084953
0.000010 0.571428 0.156328 0.272234
0.084867 0.457234 0.256494 0.201405
0.000010 0.587967 0.000010 0.412013
0.000010 0.735457 0.000010 0.264523
0.306809 0.350131 0.000010 0.343050
0.127809 0.678156 0.194024 0.000010
0.163082 0.345925 0.144861 0.346133
0.137962 0.297117 0.502224 0.062698
0.131876 0.379260 0.211369 0.277494
0.386596 0.142673 0.172067 0.298664
0.000010 0.999970 0.000010 0.000010
0.000010 0.549422 0.450558 0.000010
0.000010 0.999970 0.000010 0.000010
0.293672 0.430926 0.156717 0.118685
0.236711 0.248789 0.293272 0.221228
0.000010 0.000010 0.492395 0.507585
0.556112 0.000010 0.218370 0.225508
0.232980 0.000010 0.000010 0.767000
0.108654 0.250403 0.313970 0.326973
0.340082 0.000010 0.396554 0.263354
0.000010 0.000010 0.000010 0.999970
0.000010 0.000010 0.413067 0.586913
0.000010 0.999970 0.000010 0.000010
0.000010 0.377756 0.622224 0.000010
0.198268 0.392841 0.000010 0.408881
0.335672 0.519719 0.000010 0.144599
0.156477 0.000010 0.485895 0.357618
0.000010 0.647785 0.000010 0.352195
0.288217 0.320770 0.255205 0.135808
0.000010 0.000010 0.999970 0.000010
0.174848 0.825132 0.000010 0.000010
0.593991 0.000010 0.000010 0.405989
0.000010 0.000010 0.000010 0.999970
0.483382 0.000010 0.516598 0.000010
0.192603 0.000010 0.401309 0.406079
0.000010 0.000010 0.000010 0.999970
0.315598 0.302059 0.215990 0.166353
0.275553 0.227084 0.000010 0.497352
0.403644 0.000010 0.295642 0.300705
0.232980 0.000010 0.000010 0.767000
0.233846 0.766134 0.000010 0.000010
0.000010 0.000010 0.999970 0.000010
0.000010 0.419400 0.580580 0.000010
0.205359 0.543395 0.000010 0.251236
0.000010 0.450265 0.549715 0.000010
0.198974 0.801006 0.000010 0.000010
0.000010 0.000010 0.547306 0.452674
0.164373 0.556087 0.279530 0.000010
0.000010 0.000010 0.999970 0.000010
0.860045 0.000010 0.139935 0.000010
0.999970 0.000010 0.000010 0.000010
0.542238 0.000010 0.457742 0.000010
0.610842 0.000010 0.389138 0.000010
0.470867 0.000010 0.529113 0.000010
0.999970 0.000010 0.000010 0.000010
0.999970 0.000010 0.000010 0.000010
0.999970 0.000010 0.000010 0.000010
0.999970 0.000010 0.000010 0.000010
0.710741 0.000010 0.289239 0.000010
0.999970 0.000010 0.000010 0.000010
