0.217201 0.000010 0.000010 0.467701 0.315048 0.000010 0.000010 0.000010
0.000010 0.000010 0.999930 0.000010 0.000010 0.000010 0.000010 0.000010
0.000010 0.000010 0.000010 0.350389 0.649551 0.000010 0.000010 0.000010
0.000010 0.000010 0.999930 0.000010 0.000010 0.000010 0.000010 0.000010
0.999930 0.000010 0.000010 0.000010 0.000010 0.000010 0.000010 0.000010
0.251695 0.000010 0.000010 0.748245 0.000010 0.000010 0.000010 0.000010
0.000010 0.000010 0.171121 0.134889 0.166478 0.318512 0.208969 0.000010
0.500862 0.000010 0.128750 0.238956 0.131391 0.000010 0.000010 0.000010
0.000010 0.000010 0.000010 0.999930 0.000010 0.000010 0.000010 0.000010
0.999930 0.000010 0.000010 0.000010 0.000010 0.000010 0.000010 0.000010
0.000010 0.000010 0.191792 0.000010 0.438629 0.000010 0.308245 0.061294
0.000010 0.000010 0.000010 0.000010 0.000010 0.000010 0.999930 0.000010
0.000010 0.000010 0.000010 0.000010 0.564692 0.000010 0.000010 0.435248
0.068450 0.392942 0.000010 0.000010 0.000010 0.000010 0.426134 0.112435
0.020989 0.000010 0.197696 0.148324 0.331973 0.000010 0.000010 0.300988
0.421837 0.000010 0.000010 0.000010 0.000010 0.328072 0.250041 0.000010
0.000010 0.000010 0.000010 0.999930 0.000010 0.000010 0.000010 0.000010
0.000010 0.317350 0.000010 0.000010 0.304828 0.377772 0.000010 0.000010
0.999930 0.000010 0.000010 0.000010 0.000010 0.000010 0.000010 0.000010
0.000010 0.999930 0.000010 0.000010 0.000010 0.000010 0.000010 0.000010
0.000010 0.236223 0.000010 0.000010 0.763717 0.000010 0.000010 0.000010
0.000010 0.415533 0.000010 0.000010 0.000010 0.171491 0.412926 0.000010
0.000010 0.000010 0.000010 0.000010 0.000010 0.000010 0.000010 0.999930
0.000010 0.000010 0.999930 0.000010 0.000010 0.000010 0.000010 0.000010
0.000010 0.410630 0.000010 0.000010 0.000010 0.000010 0.000010 0.589310
0.000010 0.000010 0.385290 0.000010 0.442029 0.000010 0.000010 0.172631
0.159170 0.000010 0.375868 0.000010 0.208699 0.016972 0.000010 0.239261
0.000010 0.000010 0.463074 0.000010 0.000010 0.536866 0.000010 0.000010
0.000010 0.065261 0.238076 0.051118 0.173791 0.109670 0.169569 0.192504
0.233220 0.287981 0.238527 0.240232 0.000010 0.000010 0.000010 0.000010
0.000010 0.000010 0.000010 0.000010 0.439804 0.000010 0.560136 0.000010
0.000010 0.000010 0.000010 0.999930 0.000010 0.000010 0.000010 0.000010
0.000010 0.999930 0.000010 0.000010 0.000010 0.000010 0.000010 0.000010
0.000010 0.000010 0.000010 0.000010 0.000010 0.000010 0.999930 0.000010
0.000010 0.000010 0.000010 0.546096 0.000010 0.000010 0.000010 0.453844
0.000010 0.000010 0.388597 0.000010 0.247134 0.000010 0.364219 0.000010
0.358857 0.000010 0.000010 0.000010 0.000010 0.000010 0.000010 0.641083
0.279291 0.000010 0.000010 0.207274 0.000010 0.513385 0.000010 0.000010
0.000010 0.343383 0.000010 0.000010 0.000010 0.000010 0.656557 0.000010
0.000010 0.000010 0.000010 0.000010 0.405950 0.593990 0.000010 0.000010
0.000010 0.000010 0.000010 0.000010 0.999930 0.000010 0.000010 0.000010
0.000010 0.000010 0.000010 0.000010 0.000010 0.000010 0.000010 0.999930
0.331869 0.144209 0.207707 0.000010 0.000010 0.316175 0.000010 0.000010
0.000010 0.000010 0.999930 0.000010 0.000010 0.000010 0.000010 0.000010
0.000010 0.000010 0.000010 0.299607 0.000010 0.000010 0.000010 0.700333
0.000010 0.325573 0.159988 0.038333 0.182609 0.000010 0.000010 0.293466
0.396427 0.000010 0.000010 0.000010 0.000010 0.603513 0.000010 0.000010
0.000010 0.000010 0.000010 0.000010 0.897821 0.102119 0.000010 0.000010
0.000010 0.000010 0.000010 0.000010 0.000010 0.000010 0.999930 0.000010
0.000010 0.999930 0.000010 0.000010 0.000010 0.000010 0.000010 0.000010
0.524749 0.475191 0.000010 0.000010 0.000010 0.000010 0.000010 0.000010
0.000010 0.000010 0.310191 0.176591 0.354054 0.159124 0.000010 0.000010
0.000010 0.244218 0.000010 0.484237 0.000010 0.000010 0.271495 0.000010
0.000010 0.000010 0.000010 0.000010 0.999930 0.000010 0.000010 0.000010
0.369643 0.630297 0.000010 0.000010 0.000010 0.000010 0.000010 0.000010
0.000010 0.000010 0.000010 0.999930 0.000010 0.000010 0.000010 0.000010
0.000010 0.000010 0.000010 0.509756 0.000010 0.000010 0.000010 0.490184
0.128037 0.000010 0.000010 0.000010 0.000010 0.422728 0.000010 0.449185
0.000010 0.000010 0.000010 0.000010 0.000010 0.724616 0.000010 0.275324
0.000010 0.000010 0.000010 0.000010 0.000010 0.342197 0.000010 0.657743
0.088458 0.000010 0.000010 0.000010 0.000010 0.441125 0.000010 0.470367
0.242871 0.000010 0.000010 0.000010 0.000010 0.516193 0.000010 0.240886
0.000010 0.028683 0.000010 0.000010 0.178894 0.590394 0.000010 0.201989
0.000010 0.000010 0.000010 0.000010 0.118957 0.424989 0.000010 0.456003
0.000010 0.000010 0.000010 0.000010 0.000010 0.999930 0.000010 0.000010
0.000010 0.000010 0.000010 0.000010 0.000010 0.999930 0.000010 0.000010
0.000010 0.000010 0.000010 0.000010 0.000010 0.999930 0.000010 0.000010
0.000010 0.240584 0.117404 0.000010 0.000010 0.453702 0.000010 0.188269
