0.000010 0.071128 0.000010 0.000010 0.301235 0.371163 0.000010 0.256424 0.000010
0.000010 0.000010 0.000010 0.012771 0.000010 0.401708 0.000010 0.585461 0.000010
0.000010 0.000010 0.234354 0.000010 0.000010 0.765576 0.000010 0.000010 0.000010
0.000010 0.000010 0.000010 0.000010 0.000010 0.000010 0.000010 0.999920 0.000010
0.000010 0.999920 0.000010 0.000010 0.000010 0.000010 0.000010 0.000010 0.000010
0.000010 0.000010 0.000010 0.164043 0.000010 0.000010 0.000010 0.835887 0.000010
0.549475 0.000010 0.000010 0.277620 0.000010 0.000010 0.000010 0.172845 0.000010
0.000010 0.000010 0.062790 0.000010 0.207187 0.184791 0.000010 0.545182 0.000010
0.000010 0.000010 0.000010 0.000010 0.000010 0.000010 0.000010 0.999920 0.000010
0.000010 0.999920 0.000010 0.000010 0.000010 0.000010 0.000010 0.000010 0.000010
0.000010 0.000010 0.301261 0.000010 0.000010 0.698669 0.000010 0.000010 0.000010
0.352098 0.286658 0.000010 0.000010 0.000010 0.361184 0.000010 0.000010 0.000010
0.000010 0.166337 0.229649 0.000010 0.000010 0.244572 0.195556 0.163846 0.000010
0.999920 0.000010 0.000010 0.000010 0.000010 0.000010 0.000010 0.000010 0.000010
0.000010 0.273199 0.181426 0.000010 0.000010 0.238829 0.135593 0.170912 0.000010
0.000010 0.190062 0.000010 0.279265 0.000010 0.312798 0.000010 0.000010 0.217825
0.227576 0.000010 0.000010 0.141527 0.356945 0.000010 0.000010 0.167893 0.106019
0.531770 0.000010 0.000010 0.434901 0.033269 0.000010 0.000010 0.000010 0.000010
0.000010 0.000010 0.000010 0.000010 0.560849 0.439081 0.000010 0.000010 0.000010
0.000010 0.000010 0.000010 0.000010 0.320119 0.679811 0.000010 0.000010 0.000010
0.000010 0.000010 0.000010 0.000010 0.000010 0.999920 0.000010 0.000010 0.000010
0.000010 0.000010 0.000010 0.291782 0.228306 0.479852 0.000010 0.000010 0.000010
0.000010 0.999920 0.000010 0.000010 0.000010 0.000010 0.000010 0.000010 0.000010
0.000010 0.000010 0.348880 0.000010 0.651050 0.000010 0.000010 0.000010 0.000010
0.000010 0.000010 0.000010 0.000010 0.000010 0.000010 0.999920 0.000010 0.000010
0.000010 0.000010 0.999920 0.000010 0.000010 0.000010 0.000010 0.000010 0.000010
0.067617 0.086415 0.208766 0.120762 0.299425 0.137776 0.000010 0.000010 0.079218
0.000010 0.000010 0.180666 0.317069 0.000010 0.000010 0.000010 0.115592 0.386623
0.238239 0.210282 0.242372 0.000010 0.000010 0.000010 0.185442 0.123626 0.000010
0.000010 0.000010 0.000010 0.000010 0.000010 0.000010 0.000010 0.000010 0.999920
0.798197 0.000010 0.000010 0.000010 0.201733 0.000010 0.000010 0.000010 0.000010
0.000010 0.000010 0.000010 0.000010 0.999920 0.000010 0.000010 0.000010 0.000010
0.000010 0.000010 0.277278 0.000010 0.000010 0.434161 0.000010 0.280590 0.007920
0.999920 0.000010 0.000010 0.000010 0.000010 0.000010 0.000010 0.000010 0.000010
0.000010 0.174456 0.000010 0.000010 0.049834 0.000010 0.407166 0.368494 0.000010
0.580500 0.000010 0.419430 0.000010 0.000010 0.000010 0.000010 0.000010 0.000010
0.000010 0.318712 0.000010 0.091718 0.000010 0.000010 0.243766 0.345754 0.000010
0.000010 0.000010 0.000010 0.437577 0.562353 0.000010 0.000010 0.000010 0.000010
0.999920 0.000010 0.000010 0.000010 0.000010 0.000010 0.000010 0.000010 0.000010
0.000010 0.000010 0.646370 0.353560 0.000010 0.000010 0.000010 0.000010 0.000010
0.000010 0.241007 0.272880 0.000010 0.167893 0.318170 0.000010 0.000010 0.000010
0.000010 0.000010 0.000010 0.000010 0.000010 0.000010 0.999920 0.000010 0.000010
0.000010 0.720603 0.000010 0.279327 0.000010 0.000010 0.000010 0.000010 0.000010
0.000010 0.000010 0.169849 0.000010 0.000010 0.000010 0.000010 0.830081 0.000010
0.133051 0.022794 0.168686 0.000010 0.000010 0.000010 0.386556 0.192175 0.096709
0.000010 0.000010 0.000010 0.000010 0.000010 0.000010 0.395293 0.604637 0.000010
0.000010 0.595503 0.000010 0.404427 0.000010 0.000010 0.000010 0.000010 0.000010
0.999920 0.000010 0.000010 0.000010 0.000010 0.000010 0.000010 0.000010 0.000010
0.643692 0.000010 0.000010 0.000010 0.000010 0.000010 0.182363 0.173885 0.000010
0.000010 0.000010 0.000010 0.000010 0.999920 0.000010 0.000010 0.000010 0.000010
0.000010 0.000010 0.000010 0.000010 0.000010 0.000010 0.000010 0.000010 0.999920
0.197607 0.000010 0.049015 0.126092 0.000010 0.110280 0.000010 0.326685 0.190290
0.000010 0.000010 0.000010 0.051421 0.534126 0.414393 0.000010 0.000010 0.000010
0.000010 0.000010 0.000010 0.000010 0.000010 0.999920 0.000010 0.000010 0.000010
0.000010 0.000010 0.000010 0.000010 0.999920 0.000010 0.000010 0.000010 0.000010
0.000010 0.000010 0.000010 0.000010 0.000010 0.000010 0.000010 0.000010 0.999920
0.000010 0.000010 0.000010 0.000010 0.291428 0.000010 0.350621 0.000010 0.357891
0.000010 0.107716 0.000010 0.411442 0.000010 0.000010 0.480783 0.000010 0.000010
0.000010 0.000010 0.999920 0.000010 0.000010 0.000010 0.000010 0.000010 0.000010
0.000010 0.000010 0.000010 0.261435 0.000010 0.000010 0.738495 0.000010 0.000010
0.000010 0.000010 0.000010 0.341357 0.209523 0.000010 0.449060 0.000010 0.000010
0.000010 0.000010 0.000010 0.478442 0.000010 0.000010 0.000010 0.000010 0.521488
0.000010 0.028681 0.353824 0.482712 0.000010 0.000010 0.134733 0.000010 0.000010
0.216634 0.000010 0.000010 0.437847 0.000010 0.000010 0.345458 0.000010 0.000010
0.000010 0.000010 0.000010 0.999920 0.000010 0.000010 0.000010 0.000010 0.000010
0.000010 0.000010 0.302170 0.697760 0.000010 0.000010 0.000010 0.000010 0.000010
0.000010 0.000010 0.000010 0.999920 0.000010 0.000010 0.000010 0.000010 0.000010
0.000010 0.000010 0.000010 0.654895 0.000010 0.000010 0.000010 0.345035 0.000010
