0.235378 0.000010 0.000010 0.493566 0.271035
0.000010 0.000010 0.141281 0.667590 0.191109
0.100178 0.000010 0.172408 0.514235 0.213169
0.605464 0.000010 0.000010 0.394506 0.000010
0.999960 0.000010 0.000010 0.000010 0.000010
0.999960 0.000010 0.000010 0.000010 0.000010
0.164080 0.000010 0.398990 0.119443 0.317477
0.328269 0.000010 0.000010 0.671701 0.000010
0.595698 0.000010 0.000010 0.000010 0.404272
0.000010 0.000010 0.193119 0.418438 0.388423
0.000010 0.215746 0.000010 0.784224 0.000010
0.000010 0.000010 0.156218 0.464036 0.379726
0.337623 0.000010 0.282670 0.379687 0.000010
0.154017 0.157835 0.090327 0.221355 0.376467
0.120137 0.084536 0.220398 0.456571 0.118358
0.000010 0.000010 0.491006 0.508964 0.000010
0.226994 0.000010 0.144353 0.000010 0.628633
0.000010 0.000010 0.510596 0.000010 0.489374
0.000010 0.000010 0.000010 0.999960 0.000010
0.000010 0.140006 0.000010 0.859964 0.000010
0.000010 0.000010 0.000010 0.999960 0.000010
0.134616 0.068520 0.263416 0.202421 0.331028
0.000010 0.000010 0.487677 0.512293 0.000010
0.359410 0.135108 0.000010 0.000010 0.505462
0.000010 0.999960 0.000010 0.000010 0.000010
0.094714 0.093168 0.215118 0.352542 0.244458
0.000010 0.135476 0.180875 0.455971 0.227668
0.210837 0.038093 0.492182 0.000010 0.258878
0.292844 0.147526 0.203524 0.180018 0.176087
0.999960 0.000010 0.000010 0.000010 0.000010
0.000010 0.000010 0.000010 0.248305 0.751665
0.000010 0.000010 0.000010 0.000010 0.999960
0.396862 0.160810 0.000010 0.442309 0.000010
0.000010 0.000010 0.272403 0.000010 0.727567
0.409611 0.382547 0.000010 0.207822 0.000010
0.000010 0.000010 0.000010 0.000010 0.999960
0.154761 0.036762 0.351866 0.456602 0.000010
0.000010 0.116260 0.360449 0.000010 0.523271
0.000010 0.102026 0.000010 0.000010 0.897944
0.000010 0.243083 0.500776 0.256121 0.000010
0.113533 0.000010 0.204478 0.520933 0.161046
0.000010 0.999960 0.000010 0.000010 0.000010
0.274724 0.000010 0.344588 0.380667 0.000010
0.999960 0.000010 0.000010 0.000010 0.000010
0.462934 0.470998 0.000010 0.000010 0.066048
0.773457 0.226513 0.000010 0.000010 0.000010
0.000010 0.000010 0.649705 0.000010 0.350265
0.180132 0.085497 0.235266 0.000010 0.499095
0.000010 0.334856 0.000010 0.000010 0.665114
0.000010 0.000010 0.000010 0.000010 0.999960
0.519413 0.303682 0.000010 0.176885 0.000010
0.346694 0.000010 0.289694 0.363592 0.000010
0.000010 0.000010 0.000010 0.000010 0.999960
0.000010 0.271841 0.000010 0.728129 0.000010
0.000010 0.057354 0.000010 0.196984 0.745641
0.325044 0.061978 0.167809 0.000010 0.445159
0.150882 0.506403 0.000010 0.000010 0.342694
0.212656 0.416986 0.370338 0.000010 0.000010
0.000010 0.000010 0.999960 0.000010 0.000010
0.000010 0.577471 0.422499 0.000010 0.000010
0.000010 0.592733 0.407237 0.000010 0.000010
0.268946 0.154780 0.576255 0.000010 0.000010
0.000010 0.224424 0.775546 0.000010 0.000010
0.000010 0.541708 0.458262 0.000010 0.000010
0.000010 0.000010 0.999960 0.000010 0.000010
0.000010 0.000010 0.999960 0.000010 0.000010
0.000010 0.000010 0.999960 0.000010 0.000010
0.000010 0.114724 0.737373 0.147884 0.000010
