0.000010 0.000010 0.000010 0.000010 0.000010 0.000010 0.999940
0.000010 0.106105 0.000010 0.329484 0.564371 0.000010 0.000010
0.000010 0.001064 0.000010 0.656347 0.342549 0.000010 0.000010
0.428333 0.000010 0.000010 0.000010 0.571617 0.000010 0.000010
0.999940 0.000010 0.000010 0.000010 0.000010 0.000010 0.000010
0.642500 0.184243 0.000010 0.173217 0.000010 0.000010 0.000010
0.008439 0.135070 0.049346 0.000010 0.218594 0.201075 0.387466
0.526551 0.000010 0.000010 0.473399 0.000010 0.000010 0.000010
0.000010 0.000010 0.000010 0.999940 0.000010 0.000010 0.000010
0.296591 0.000010 0.000010 0.000010 0.280638 0.044890 0.377852
0.000010 0.000010 0.000010 0.000010 0.999940 0.000010 0.000010
0.000010 0.000350 0.000010 0.266829 0.373346 0.000010 0.359445
0.000010 0.000010 0.000010 0.000010 0.999940 0.000010 0.000010
0.000010 0.000010 0.138260 0.311233 0.211660 0.005392 0.333435
0.000010 0.000010 0.079587 0.370293 0.550080 0.000010 0.000010
0.201137 0.458195 0.000010 0.000010 0.340628 0.000010 0.000010
0.166277 0.215976 0.000010 0.224602 0.000010 0.000010 0.393116
0.000010 0.281058 0.000010 0.000010 0.000010 0.256211 0.462691
0.432185 0.000010 0.000010 0.000010 0.000010 0.000010 0.567765
0.000010 0.000010 0.000010 0.999940 0.000010 0.000010 0.000010
0.000010 0.299690 0.000010 0.700260 0.000010 0.000010 0.000010
0.000010 0.552096 0.000010 0.000010 0.000010 0.000010 0.447854
0.000010 0.000010 0.000010 0.000010 0.999940 0.000010 0.000010
0.388832 0.000010 0.189637 0.000010 0.089997 0.000010 0.331504
0.000010 0.000010 0.999940 0.000010 0.000010 0.000010 0.000010
0.000010 0.000010 0.000010 0.397759 0.313529 0.288673 0.000010
0.000010 0.000010 0.182390 0.170084 0.449764 0.000010 0.197732
0.276651 0.000010 0.000010 0.172765 0.000010 0.550544 0.000010
0.139594 0.000010 0.068695 0.000010 0.302737 0.051598 0.437356
0.999940 0.000010 0.000010 0.000010 0.000010 0.000010 0.000010
0.000010 0.000010 0.000010 0.999940 0.000010 0.000010 0.000010
0.000010 0.000010 0.000010 0.000010 0.000010 0.000010 0.999940
0.171942 0.000010 0.000010 0.641267 0.000010 0.186751 0.000010
0.000010 0.079203 0.000010 0.403658 0.159910 0.181448 0.175761
0.064087 0.000010 0.260837 0.450572 0.000010 0.224474 0.000010
0.000010 0.000010 0.000010 0.455574 0.326866 0.000010 0.217519
0.000010 0.000010 0.257065 0.000010 0.742885 0.000010 0.000010
0.000010 0.999940 0.000010 0.000010 0.000010 0.000010 0.000010
0.000010 0.000010 0.000010 0.000010 0.000010 0.000010 0.999940
0.000010 0.000010 0.000010 0.000010 0.000010 0.671968 0.327982
0.000010 0.000010 0.000010 0.267799 0.243066 0.177351 0.311754
0.000010 0.000010 0.999940 0.000010 0.000010 0.000010 0.000010
0.260678 0.397188 0.000010 0.000010 0.342094 0.000010 0.000010
0.999940 0.000010 0.000010 0.000010 0.000010 0.000010 0.000010
0.000010 0.000010 0.347499 0.212182 0.440279 0.000010 0.000010
0.475885 0.000010 0.235145 0.000010 0.000010 0.123867 0.165072
0.169993 0.312533 0.000010 0.000010 0.000010 0.388582 0.128861
0.000010 0.000010 0.000010 0.000010 0.000010 0.195682 0.804268
0.000010 0.000010 0.262639 0.298617 0.000010 0.000010 0.438704
0.000010 0.184986 0.137570 0.339716 0.000010 0.000010 0.337698
0.602660 0.000010 0.397290 0.000010 0.000010 0.000010 0.000010
0.065820 0.202767 0.032023 0.387965 0.311405 0.000010 0.000010
0.000010 0.207293 0.000010 0.792657 0.000010 0.000010 0.000010
0.000010 0.307339 0.000010 0.000010 0.000010 0.000010 0.692611
0.120080 0.000010 0.073907 0.457357 0.000010 0.000010 0.348626
0.000010 0.014573 0.231301 0.754086 0.000010 0.000010 0.000010
0.000010 0.000010 0.574421 0.425529 0.000010 0.000010 0.000010
0.157580 0.133464 0.373251 0.000010 0.000010 0.335675 0.000010
0.000010 0.000010 0.000010 0.000010 0.000014 0.999936 0.000010
0.000010 0.000010 0.999940 0.000010 0.000010 0.000010 0.000010
0.000010 0.336758 0.663192 0.000010 0.000010 0.000010 0.000010
0.178015 0.181291 0.224863 0.000010 0.077960 0.337851 0.000010
0.000010 0.000010 0.000010 0.000010 0.000010 0.999940 0.000010
0.000010 0.254076 0.349330 0.000010 0.000010 0.396554 0.000010
0.000010 0.999940 0.000010 0.000010 0.000010 0.000010 0.000010
0.000010 0.000010 0.000010 0.000010 0.000010 0.999940 0.000010
0.000010 0.999940 0.000010 0.000010 0.000010 0.000010 0.000010
0.000010 0.000010 0.000010 0.000010 0.000010 0.999940 0.000010
