0.999910 0.000010 0.000010 0.000010 0.000010 0.000010 0.000010 0.000010 0.000010 0.000010
0.000010 0.000010 0.000010 0.000010 0.000010 0.000010 0.999910 0.000010 0.000010 0.000010
0.000010 0.000010 0.000010 0.999910 0.000010 0.000010 0.000010 0.000010 0.000010 0.000010
0.447565 0.271894 0.000010 0.000010 0.000010 0.000010 0.000010 0.000010 0.000010 0.280471
0.000010 0.999910 0.000010 0.000010 0.000010 0.000010 0.000010 0.000010 0.000010 0.000010
0.000010 0.999910 0.000010 0.000010 0.000010 0.000010 0.000010 0.000010 0.000010 0.000010
0.550787 0.000010 0.000010 0.000010 0.198040 0.000010 0.000010 0.251103 0.000010 0.000010
0.083387 0.397765 0.000010 0.253376 0.000010 0.000010 0.000010 0.000010 0.000010 0.265413
0.000010 0.471252 0.000010 0.528668 0.000010 0.000010 0.000010 0.000010 0.000010 0.000010
0.000010 0.000010 0.000010 0.000010 0.000010 0.000010 0.000010 0.000010 0.000010 0.999910
0.000010 0.000010 0.000010 0.000010 0.000010 0.000010 0.999910 0.000010 0.000010 0.000010
0.999910 0.000010 0.000010 0.000010 0.000010 0.000010 0.000010 0.000010 0.000010 0.000010
0.000010 0.185675 0.000010 0.406491 0.000010 0.000010 0.000010 0.000010 0.407764 0.000010
0.249197 0.063062 0.086496 0.209840 0.000010 0.106731 0.000010 0.111878 0.000010 0.172766
0.000010 0.144550 0.013691 0.169037 0.000010 0.098140 0.280811 0.293731 0.000010 0.000010
0.000010 0.000010 0.000010 0.253343 0.521592 0.000010 0.014699 0.000010 0.000010 0.210307
0.103528 0.206433 0.000010 0.174483 0.354025 0.000010 0.161481 0.000010 0.000010 0.000010
0.369823 0.000010 0.000010 0.000010 0.000010 0.118628 0.000010 0.511479 0.000010 0.000010
0.000010 0.000010 0.000010 0.000010 0.000010 0.000010 0.000010 0.000010 0.000010 0.999910
0.000010 0.000010 0.000010 0.445966 0.000010 0.459686 0.000010 0.000010 0.000010 0.094277
0.000010 0.000010 0.000010 0.999910 0.000010 0.000010 0.000010 0.000010 0.000010 0.000010
0.598978 0.000010 0.000010 0.000010 0.400942 0.000010 0.000010 0.000010 0.000010 0.000010
0.000010 0.000010 0.000010 0.000010 0.000010 0.000010 0.000010 0.000010 0.533906 0.466014
0.188645 0.237356 0.002198 0.000010 0.000010 0.313143 0.164306 0.064503 0.000010 0.029819
0.000010 0.000010 0.999910 0.000010 0.000010 0.000010 0.000010 0.000010 0.000010 0.000010
0.000010 0.000010 0.000010 0.000010 0.000010 0.000010 0.686355 0.000010 0.313565 0.000010
0.000010 0.000010 0.000010 0.000010 0.080550 0.206233 0.491949 0.000010 0.000010 0.221208
0.000010 0.095951 0.000010 0.000010 0.293314 0.000010 0.259088 0.351587 0.000010 0.000010
0.000010 0.271304 0.000010 0.000010 0.338890 0.000010 0.389736 0.000010 0.000010 0.000010
0.000010 0.463195 0.000010 0.000010 0.000010 0.322024 0.000010 0.000010 0.000010 0.214712
0.000010 0.000010 0.000010 0.999910 0.000010 0.000010 0.000010 0.000010 0.000010 0.000010
0.460579 0.000010 0.000010 0.000010 0.000010 0.539341 0.000010 0.000010 0.000010 0.000010
0.000010 0.000010 0.000010 0.999910 0.000010 0.000010 0.000010 0.000010 0.000010 0.000010
0.264691 0.037598 0.000010 0.235861 0.111907 0.000010 0.089730 0.000010 0.260173 0.000010
0.000010 0.000010 0.000010 0.000010 0.000010 0.999910 0.000010 0.000010 0.000010 0.000010
0.000010 0.000010 0.000010 0.000010 0.000010 0.000010 0.999910 0.000010 0.000010 0.000010
0.000010 0.000010 0.000010 0.000010 0.000010 0.000010 0.000010 0.000010 0.000010 0.999910
0.000010 0.000010 0.000010 0.000010 0.999910 0.000010 0.000010 0.000010 0.000010 0.000010
0.999910 0.000010 0.000010 0.000010 0.000010 0.000010 0.000010 0.000010 0.000010 0.000010
0.000010 0.000010 0.000010 0.000010 0.000010 0.000010 0.000010 0.999910 0.000010 0.000010
0.000010 0.000010 0.000010 0.464516 0.000010 0.000010 0.155602 0.379813 0.000010 0.000010
0.000010 0.000010 0.999910 0.000010 0.000010 0.000010 0.000010 0.000010 0.000010 0.000010
0.000010 0.226228 0.000010 0.000010 0.124375 0.217569 0.138799 0.000010 0.193309 0.099680
0.000010 0.999910 0.000010 0.000010 0.000010 0.000010 0.000010 0.000010 0.000010 0.000010
0.000010 0.200948 0.297409 0.124920 0.000010 0.000010 0.192793 0.000010 0.183880 0.000010
0.000010 0.765316 0.234604 0.000010 0.000010 0.000010 0.000010 0.000010 0.000010 0.000010
0.000010 0.045996 0.000010 0.000010 0.542003 0.000010 0.000010 0.000010 0.411931 0.000010
0.480189 0.119336 0.000010 0.000010 0.000010 0.000010 0.000010 0.400405 0.000010 0.000010
0.499411 0.000010 0.221011 0.000010 0.000010 0.000010 0.279508 0.000010 0.000010 0.000010
0.000010 0.000010 0.000010 0.000010 0.000010 0.999910 0.000010 0.000010 0.000010 0.000010
0.000010 0.243880 0.325080 0.000010 0.000010 0.000010 0.139263 0.000010 0.000010 0.291717
0.020926 0.160648 0.000010 0.466238 0.113527 0.000010 0.053179 0.185442 0.000010 0.000010
0.000010 0.000010 0.000010 0.476803 0.523117 0.000010 0.000010 0.000010 0.000010 0.000010
0.999910 0.000010 0.000010 0.000010 0.000010 0.000010 0.000010 0.000010 0.000010 0.000010
0.000010 0.000010 0.000010 0.000010 0.000010 0.434886 0.195423 0.000010 0.000010 0.369621
0.000010 0.000010 0.000010 0.546382 0.113252 0.340295 0.000010 0.000010 0.000010 0.000010
0.000010 0.000010 0.000010 0.000010 0.000010 0.999910 0.000010 0.000010 0.000010 0.000010
0.000010 0.224337 0.147345 0.000010 0.000010 0.000010 0.000010 0.000010 0.628248 0.000010
0.000010 0.000010 0.000010 0.000010 0.000010 0.000010 0.000010 0.000010 0.999910 0.000010
0.000010 0.000010 0.654203 0.000010 0.345717 0.000010 0.000010 0.000010 0.000010 0.000010
0.000010 0.000010 0.450801 0.000010 0.211165 0.000010 0.000010 0.255670 0.000010 0.082305
0.000010 0.000010 0.000010 0.000010 0.000010 0.000010 0.000010 0.757261 0.000010 0.242659
0.000010 0.000010 0.000010 0.000010 0.000010 0.000010 0.000010 0.000010 0.999910 0.000010
0.000010 0.000010 0.293362 0.000010 0.000010 0.000010 0.000010 0.000010 0.706558 0.000010
0.000010 0.000010 0.000010 0.000010 0.350699 0.000010 0.000010 0.000010 0.649221 0.000010
0.000010 0.000010 0.000010 0.000010 0.000010 0.000010 0.000010 0.999910 0.000010 0.000010
0.000010 0.000010 0.000010 0.000010 0.999910 0.000010 0.000010 0.000010 0.000010 0.000010
0.000010 0.000010 0.000010 0.000010 0.000010 0.000010 0.000010 0.603084 0.396836 0.000010
