0.999950 0.000010 0.000010 0.000010 0.000010 0.000010
0.166637 0.335160 0.093870 0.385646 0.018677 0.000010
0.000010 0.349114 0.266640 0.384216 0.000010 0.000010
0.000010 0.999950 0.000010 0.000010 0.000010 0.000010
0.450899 0.000010 0.549061 0.000010 0.000010 0.000010
0.277807 0.000010 0.000010 0.436733 0.012024 0.273417
0.199225 0.482670 0.000010 0.000010 0.318076 0.000010
0.999950 0.000010 0.000010 0.000010 0.000010 0.000010
0.000010 0.000010 0.000010 0.999950 0.000010 0.000010
0.999950 0.000010 0.000010 0.000010 0.000010 0.000010
0.000010 0.000010 0.662087 0.337873 0.000010 0.000010
0.190741 0.230488 0.149376 0.372131 0.057255 0.000010
0.000010 0.533039 0.191015 0.000010 0.092015 0.183911
0.000010 0.999950 0.000010 0.000010 0.000010 0.000010
0.000010 0.490770 0.169565 0.312237 0.000010 0.027408
0.338021 0.000010 0.000010 0.307478 0.294512 0.059969
0.527359 0.000010 0.000010 0.280665 0.191946 0.000010
0.173668 0.000010 0.349611 0.047493 0.429208 0.000010
0.999950 0.000010 0.000010 0.000010 0.000010 0.000010
0.000010 0.000010 0.000010 0.999950 0.000010 0.000010
0.000010 0.000010 0.000010 0.999950 0.000010 0.000010
0.000010 0.000010 0.000010 0.739216 0.260744 0.000010
0.000010 0.999950 0.000010 0.000010 0.000010 0.000010
0.301668 0.027215 0.401541 0.000010 0.000010 0.269556
0.000010 0.000010 0.000010 0.000010 0.000010 0.999950
0.000010 0.000010 0.999950 0.000010 0.000010 0.000010
0.104695 0.070777 0.247759 0.239320 0.000010 0.337439
0.000010 0.000010 0.000010 0.366206 0.633754 0.000010
0.000010 0.267867 0.484584 0.000010 0.000010 0.247519
0.151370 0.000010 0.233107 0.456302 0.000010 0.159201
0.000010 0.227294 0.425945 0.346731 0.000010 0.000010
0.999950 0.000010 0.000010 0.000010 0.000010 0.000010
0.000010 0.000010 0.000010 0.999950 0.000010 0.000010
0.000010 0.293783 0.178502 0.314234 0.213460 0.000010
0.000010 0.000010 0.000010 0.488828 0.000010 0.511132
0.000010 0.445385 0.554575 0.000010 0.000010 0.000010
0.231766 0.393120 0.000010 0.000010 0.000010 0.375084
0.392651 0.000010 0.000010 0.000010 0.399547 0.207772
0.207794 0.592013 0.200163 0.000010 0.000010 0.000010
0.000010 0.000010 0.469573 0.000010 0.530387 0.000010
0.000010 0.000010 0.999950 0.000010 0.000010 0.000010
0.000010 0.000010 0.000010 0.000010 0.000010 0.999950
0.180767 0.078870 0.181090 0.096677 0.236339 0.226258
0.000010 0.211116 0.340473 0.350617 0.000010 0.097773
0.000010 0.605506 0.000010 0.000010 0.000010 0.394454
0.000010 0.331077 0.210813 0.121574 0.000010 0.336516
0.394332 0.000010 0.000010 0.000010 0.605628 0.000010
0.000010 0.000010 0.999950 0.000010 0.000010 0.000010
0.000010 0.999950 0.000010 0.000010 0.000010 0.000010
0.165829 0.207720 0.090114 0.228598 0.060935 0.246804
0.294669 0.000010 0.000010 0.387295 0.000010 0.318006
0.000010 0.999950 0.000010 0.000010 0.000010 0.000010
0.000010 0.000010 0.000010 0.999950 0.000010 0.000010
0.149084 0.278663 0.361358 0.000010 0.071986 0.138899
0.575706 0.000010 0.000010 0.424254 0.000010 0.000010
0.000010 0.261122 0.000010 0.573724 0.093553 0.071582
0.000010 0.232474 0.000010 0.286810 0.000010 0.480686
0.000010 0.000010 0.000010 0.000010 0.000010 0.999950
0.000010 0.240878 0.000010 0.000010 0.759082 0.000010
0.000010 0.000010 0.000010 0.000010 0.000010 0.999950
0.000010 0.000010 0.093474 0.000010 0.403665 0.502831
0.117959 0.000010 0.000010 0.000010 0.386141 0.495870
0.000010 0.000010 0.174564 0.000010 0.584193 0.241213
0.000010 0.273314 0.000010 0.000010 0.386185 0.340471
0.000010 0.000010 0.000010 0.000010 0.999950 0.000010
0.000010 0.000010 0.000010 0.000010 0.999950 0.000010
0.000010 0.000010 0.000010 0.000010 0.999950 0.000010
0.000010 0.314276 0.000010 0.000010 0.685684 0.000010
