0.612015 0.387975 0.000010
0.312044 0.687946 0.000010
0.376811 0.575216 0.047974
0.308752 0.691238 0.000010
0.453035 0.546955 0.000010
0.999980 0.000010 0.000010
0.144767 0.409412 0.445821
0.453843 0.546147 0.000010
0.999980 0.000010 0.000010
0.999980 0.000010 0.000010
0.000010 0.999980 0.000010
0.433948 0.561951 0.004101
0.000010 0.630031 0.369959
0.293595 0.572350 0.134055
0.230284 0.558335 0.211381
0.496112 0.212257 0.291631
0.633111 0.203967 0.162922
0.187656 0.349600 0.462744
0.441074 0.558916 0.000010
0.539713 0.460277 0.000010
0.000010 0.999980 0.000010
0.260749 0.398866 0.340385
0.323395 0.344186 0.332419
0.440088 0.369595 0.190317
0.000010 0.251810 0.748180
0.000010 0.782786 0.217204
0.340945 0.445442 0.213613
0.409887 0.055453 0.534660
0.000010 0.639124 0.360866
0.633505 0.366485 0.000010
0.290237 0.709753 0.000010
0.999980 0.000010 0.000010
0.063080 0.765413 0.171507
0.207356 0.501381 0.291262
0.627000 0.000010 0.372990
0.000010 0.999980 0.000010
0.387957 0.272417 0.339626
0.512607 0.000010 0.487383
0.000010 0.844579 0.155411
0.000010 0.285590 0.714400
0.270890 0.586685 0.142425
0.205732 0.116396 0.677872
0.300508 0.313430 0.386062
0.141671 0.775630 0.082699
0.223101 0.362408 0.414490
0.000010 0.664087 0.335903
0.332175 0.000010 0.667815
0.000010 0.660863 0.339127
0.000010 0.813707 0.186283
0.434578 0.287273 0.278149
0.578733 0.309402 0.111866
0.056238 0.720644 0.223118
0.999980 0.000010 0.000010
0.000010 0.849673 0.150317
0.750886 0.249104 0.000010
0.764440 0.000010 0.235550
0.639775 0.000010 0.360215
0.075196 0.000010 0.924794
0.000010 0.000010 0.999980
0.000010 0.000010 0.999980
0.204212 0.000010 0.795778
0.373068 0.000010 0.626922
0.000010 0.000010 0.999980
0.000010 0.000010 0.999980
0.000010 0.000010 0.999980
0.000010 0.000010 0.999980
0.000010 0.000010 0.999980
0.000010 0.105623 0.894367
